4.266437321829243956e-01
4.160803092806304448e-01
4.133168863783680536e-01
4.053534634761035704e-01
3.942900405738214431e-01
4.048266176715742404e-01
4.007631947692402719e-01
3.948997718670170798e-01
3.890363489647370443e-01
3.821729260624806557e-01
3.686095031602008021e-01
3.567460802579489609e-01
3.653826573556671065e-01
3.482192344533814321e-01
3.832558115511801589e-01
3.838923886488601056e-01
3.774289657466169956e-01
3.693655428443776145e-01
3.727021199420619268e-01
3.623386970397746154e-01
3.616752741374966718e-01
3.468118512352589278e-01
3.699484283329752543e-01
3.497850054307036771e-01
3.574215825284454695e-01
3.332581596262116364e-01
3.541947367239117739e-01
3.573313138216462903e-01
3.350678909193902655e-01
3.308044680171065011e-01
3.317410451148248285e-01
3.326776222125431559e-01
3.403141993102849483e-01
3.236507764080442939e-01
3.239873535057427034e-01
3.197239306034589390e-01
3.262605077012494803e-01
3.237970847989117829e-01
3.202336618966796777e-01
3.181702389944121023e-01
3.204068160921451636e-01
3.181433931898709488e-01
3.177799702876313859e-01
3.197165473853260664e-01
3.171531244830703145e-01
3.230897015807840944e-01
3.176262786785173375e-01
3.165628557762829587e-01
3.191994328739724551e-01
3.244360099716914192e-01
3.165725870694586774e-01
3.145091641671342586e-01
3.159457412648976060e-01
3.199823183626335776e-01
3.050188954603640923e-01
3.146554725581154344e-01
3.189920496557760998e-01
3.263286267535363550e-01
3.124652038512749641e-01
3.155017809489777392e-01
3.141383580467618231e-01
3.124749351445075263e-01
3.136115122421756496e-01
3.205480893399226261e-01
3.177846664377170782e-01
3.224212435353592809e-01
3.191578206331655565e-01
3.181943977309060756e-01
3.134309748285772912e-01
3.107675519263466413e-01
3.197041290240463240e-01
3.121407061217951195e-01
3.188772832195354567e-01
3.180138603172508738e-01
3.142504374149552859e-01
3.198870145127443720e-01
3.110235916104215903e-01
3.173601687081486489e-01
3.160967458059076307e-01
3.129333229036319608e-01
3.229699000013965815e-01
3.216064770990669786e-01
3.146430541968356920e-01
3.243796312945619320e-01
3.131162083922731654e-01
3.113527854899871272e-01
3.221893625877783052e-01
3.169259396854613442e-01
3.117625167832329680e-01
3.094990938809587533e-01
3.044356709786484316e-01
3.036722480763955900e-01
2.967088251741643035e-01
2.998454022718419765e-01
3.008819793695920453e-01
3.024185564672734472e-01
2.968551335650317924e-01
2.916917106628034162e-01
2.915282877605136491e-01
2.899648648582342503e-01
2.856014419559755879e-01
2.888380190536850023e-01
2.863745961514609917e-01
2.830111732491786825e-01
2.783477503468816394e-01
2.767843274446590840e-01
2.749209045423413045e-01
2.608574816400732743e-01
2.692940587378416240e-01
2.719306358355311204e-01
2.620672129332888289e-01
2.547037900310442637e-01
2.497403671287088400e-01
2.431769442264908321e-01
2.383135213242439931e-01
2.342500984219100246e-01
2.450866755197012026e-01
2.451232526174180748e-01
2.500598297150986582e-01
2.370964068128955660e-01
2.368329839105740575e-01
2.375695610083425890e-01
2.191061381060990243e-01
2.246427152037426822e-01
2.087792923015285851e-01
2.042158693992632834e-01
2.085524464969807923e-01
1.960890235947090332e-01
2.029256006924811118e-01
1.893621777901444148e-01
1.823987548879131282e-01
1.814353319855968039e-01
1.677719090833420523e-01
1.733084861810993971e-01
1.598450632787944414e-01
1.666816403765665200e-01
1.594182174742968527e-01
1.515547945720072676e-01
1.501913716697345080e-01
1.436279487675165001e-01
1.427645258651750737e-01
1.344011029629541554e-01
1.306376800607154109e-01
1.245742571583718927e-01
1.122108342561318750e-01
1.264474113538653910e-01
1.083839884515782614e-01
1.075205655493505219e-01
1.000571426470173719e-01
8.649371974479436176e-02
9.473029684255607208e-02
6.046687394024274909e-02
8.910345103799954813e-02
8.124002813570996295e-02
7.827660523344093235e-02
8.171318233115698604e-02
7.134975942892651801e-02
6.478633652665166665e-02
6.372291362436044437e-02
5.315949072206649362e-02
4.769606781979973675e-02
5.133264491757927317e-02
4.656922201525048877e-02
3.450579911299200830e-02
4.024237621075599236e-02
2.937895330848050435e-02
3.091553040621874970e-02
1.745210750397063748e-02
1.788868460164394492e-02
1.682526169940956606e-02
4.261838797106065613e-03
-7.101584105157598970e-03
2.634992992625484476e-03
-1.928429909696660616e-03
1.270814718805013399e-02
1.194472428579729240e-02
-4.118698616480287455e-03
-5.882121518766325607e-03
2.544555790109370719e-04
2.191032676705617632e-03
-1.967239022553712857e-02
-2.013581312786527633e-02
-1.479923603011457089e-02
-1.926265893234813120e-02
-3.122608183463171372e-02
-2.258950473691356819e-02
-2.695292763917223056e-02
-3.731635054145954200e-02
-3.817977344368728154e-02
-2.794319634597286495e-02
-3.280661924827654730e-02
-3.697004215052857035e-02
-4.113346505278059340e-02
-4.529688795508945987e-02
-5.286031085734066437e-02
-5.052373375963270519e-02
-5.168715666189882540e-02
-5.705057956413384090e-02
-6.741400246642115235e-02
-6.077742536865571310e-02
-6.374084827092474370e-02
-6.970427117323652055e-02
-7.656769407549290918e-02
-8.463111697773229025e-02
-7.379453988005479914e-02
-8.335796278225870992e-02
-7.912138568451609899e-02
-8.778480858683224142e-02
-8.264823148908817529e-02
-8.211165439138312649e-02
-8.577507729364697298e-02
-8.763850019590790907e-02
-7.770192309817502974e-02
-7.246534600045606567e-02
-8.052876890269544674e-02
-8.729219180497693742e-02
-8.655561470726524931e-02
-8.461903760951372533e-02
-9.718246051181722578e-02
-8.654588341403268714e-02
-9.260930631637620536e-02
-9.107272921858111658e-02
-8.643615212082522703e-02
-8.749957502317329272e-02
-9.096299792543049989e-02
-8.912642082765387386e-02
-1.026898437299337274e-01
-1.060532666322160367e-01
-9.201668953443231658e-02
-1.106801124367393641e-01
-1.033435353390359523e-01
-1.017069582413228090e-01
-1.028703811435889293e-01
-1.104338040458401338e-01
-1.061972269480975228e-01
-1.129606498503790135e-01
-1.154240727526030241e-01
-1.094874956549460876e-01
-1.155509185571759190e-01
-1.177143414594183923e-01
-1.223777643617154354e-01
-1.239411872639948342e-01
-1.248046101662794172e-01
-1.278680330685233457e-01
-1.329314559707768240e-01
-1.260948788730615888e-01
-1.296583017753505374e-01
-1.381217246776031971e-01
-1.361851475799085165e-01
-1.404485704821354375e-01
-1.489119933843880972e-01
-1.553754162866880506e-01
-1.556388391889527156e-01
-1.554022620911723607e-01
-1.560656849935071477e-01
-1.568291078957599893e-01
-1.623925307980016441e-01
-1.718559537002875004e-01
-1.732193766025602599e-01
-1.704827995048390221e-01
-1.859462224070966840e-01
-1.794096453093629862e-01
-1.909730682116332900e-01
-1.894364911138950447e-01
-1.943999140161736250e-01
-1.961633369184596631e-01
-2.047267598206872208e-01
-2.073901827229747141e-01
-2.051536056252416529e-01
-2.078170285275291462e-01
-2.063804514298226422e-01
-2.178438743320612048e-01
-2.213072972343184119e-01
-2.266707201366102709e-01
-2.300341430388925801e-01
-2.326975659411232300e-01
-2.398609888434179993e-01
-2.424244117456737513e-01
-2.511878346479079482e-01
-2.549512575502035361e-01
-2.640146804524761137e-01
-2.646781033547540574e-01
-2.662415262570334562e-01
-2.755049491592558297e-01
-2.858683720615999846e-01
-2.894317949638320897e-01
-2.858952178660842947e-01
-2.912586407683761536e-01
-2.841220636706225378e-01
-3.021854865728528239e-01
-2.922489094751767880e-01
-2.987123323774198980e-01
-2.953757552796787422e-01
-3.119391781820013421e-01
-3.124026010842158030e-01
-3.190660239865223957e-01
-3.169294468887642324e-01
-3.240928697910590017e-01
-3.298562926933641393e-01
-3.340197155956161623e-01
-3.382831384978430833e-01
-3.465465614001459471e-01
-3.479099843024187066e-01
-3.463734072046236179e-01
-3.514368301069339395e-01
-3.604002530091747758e-01
-3.575636759114217966e-01
-3.617270988137306631e-01
-3.734905217160076063e-01
-3.664539446182857318e-01
-3.719173675205524887e-01
-3.829807904228346160e-01
-3.781442133251289306e-01
-3.691076362273406630e-01
-3.908710591296085113e-01
-3.846344820319131941e-01
-3.940979049341422069e-01
-4.006613278364170583e-01
-4.002247507387437508e-01
-4.071881736409750374e-01
-3.954515965432960911e-01
-3.952150194455157362e-01
-3.802784423477874043e-01
-3.974418652500730786e-01
-4.120052881523292854e-01
-4.179687110545842188e-01
-4.153321339568947224e-01
-4.199955568591349220e-01
-4.193589797613981318e-01
-4.303224026637053612e-01
-4.065858255659122733e-01
-3.844492484682291433e-01
-3.798126713704732538e-01
-3.694760942727270958e-01
-3.733395171750544250e-01
-3.616029400772617919e-01
-3.548663629795214547e-01
-3.457297858818151326e-01
-3.580932087841119937e-01
-3.458566316863311840e-01
-3.406200545886690634e-01
-3.340834774908785221e-01
-3.268469003931500083e-01
-3.307103232954773375e-01
-3.246737461976749728e-01
-3.223371690999670136e-01
-3.032005920022697865e-01
-2.989640149045271755e-01
-3.006274378067814723e-01
-2.987908607090616897e-01
-3.014542836112923396e-01
-2.882177065135920202e-01
-2.801811294158369492e-01
-2.894445523181161661e-01
-2.765079752203973840e-01
-2.805713981226745091e-01
-2.684348210249254407e-01
-2.607982439272404918e-01
-2.568616668294794181e-01
-2.576250897317891031e-01
-2.539885126340095667e-01
-2.457519355362478564e-01
-2.395153584385525392e-01
-2.376787813408327565e-01
-2.336422042430967849e-01
-2.332056271453666341e-01
-2.333690500475995577e-01
-2.196324729498542183e-01
-2.224958958522051944e-01
-2.212593187544484863e-01
-2.192227416567220644e-01
-2.075861645589611726e-01
-1.905495874612483931e-01
-2.043130103635348860e-01
-2.075764332657854538e-01
-2.055398561680590319e-01
-1.942032790703365208e-01
-1.870667019725829050e-01
-1.994301248748229227e-01
-1.860935477771477053e-01
-1.820569706794117337e-01
-1.860203935817139609e-01
-1.676838164839296041e-01
-1.725472393861764431e-01
-1.688106622884788521e-01
-1.757740851907669821e-01
-1.584375080930158219e-01
-1.575009309952974945e-01
-1.580643538975436968e-01
-1.603277767998179115e-01
-1.578911997021350544e-01
-1.535546226043607021e-01
-1.503180455065944443e-01
-1.501814684089026741e-01
-1.518448913111569709e-01
-1.245083142134717491e-01
-1.422717371157204980e-01
-1.455351600179710658e-01
-1.411985829202535569e-01
-1.608620058225369576e-01
-1.406254287247747925e-01
-1.415888516270911168e-01
-1.392522745293263142e-01
-1.408156974315488696e-01
-1.374791203338645573e-01
-1.361425432361329513e-01
-1.402059661383532330e-01
-1.296693890406572791e-01
-1.278328119429374965e-01
-1.388962348452196238e-01
-1.321596577474792866e-01
-1.316230806497173944e-01
-1.309865035520374477e-01
-1.378499264542938363e-01
-1.414133493565259414e-01
-1.431767722588119796e-01
-1.387401951610627293e-01
-1.552036180633535878e-01
-1.512670409656493575e-01
-1.431304638678625452e-01
-1.472938867701714116e-01
-1.528573096724699099e-01
-1.447207325746830975e-01
-1.418841554769869617e-01
-1.485475783792367110e-01
-1.423110012814845504e-01
-1.462744241837867776e-01
-1.495378470860373454e-01
-1.456012699882762718e-01
-1.498646928906168796e-01
-1.456281157928742687e-01
-1.424915386951397522e-01
-1.412549615973830441e-01
-1.437183844996638982e-01
-1.607818074019746746e-01
-1.562452303041936830e-01
-1.541086532064355197e-01
-1.529720761087673964e-01
-1.641354990110244216e-01
-1.560989219132693506e-01
-1.601623448155464757e-01
-1.677257677177976802e-01
-1.582891906201098209e-01
-1.651526135223662095e-01
-1.675160364246153222e-01
-1.666794593268718927e-01
-1.715428822291755750e-01
-1.675063051314396034e-01
-1.744697280337277334e-01
-1.657331509359778465e-01
-1.749965738382002201e-01
-1.740599967405387360e-01
-1.803234196427752067e-01
-1.735868425450917130e-01
-1.733502654473113580e-01
-1.811136883495692018e-01
-1.719771112518060363e-01
-1.858405341541242706e-01
-1.837039570563661073e-01
-1.835673799586743371e-01
-1.752308028609377288e-01
-1.745942257632009387e-01
-1.742576486655025292e-01
-1.799210715677190819e-01
-1.713844944699758344e-01
-1.719479173722788801e-01
-1.724113402745501844e-01
-1.898747631768173960e-01
-1.897381860791256258e-01
-1.839016089813299004e-01
-1.689650318836584120e-01
-1.832284547858762380e-01
-1.759918776881477243e-01
-1.736553005904397651e-01
-1.835187234926820565e-01
-1.734821463949742792e-01
-1.744455692972337602e-01
-1.642089921995193436e-01
-1.727724151017469012e-01
-1.686358380040360316e-01
-1.748992609063293457e-01
-1.746626838086058342e-01
-1.636261067108648604e-01
-1.717895296131359828e-01
-1.706529525154110161e-01
-1.710163754176505790e-01
-1.727797983199366172e-01
-1.676432212222493945e-01
-1.608066441244773159e-01
-1.718700670267025998e-01
-1.612334899290317480e-01
-1.504969128312723115e-01
-1.599603357335581677e-01
-1.708237586358336557e-01
-1.563871815380935004e-01
-1.643506044403011401e-01
-1.498140273426429303e-01
-1.531774502448683961e-01
-1.499408731472158252e-01
-1.506042960494369254e-01
-1.339677189516805811e-01
-1.357311418539666192e-01
-1.379945647562408340e-01
-1.357579876585077727e-01
-1.291214105607991769e-01
-1.241848334630617501e-01
-1.096482563652898534e-01
-1.229116792675881698e-01
-1.072751021698650220e-01
-1.006385250721564262e-01
-9.280194797440799448e-02
-9.896537087666956722e-02
-1.054287937789695206e-01
-1.005922166812069918e-01
-9.435563958345483115e-02
-9.711906248577406586e-02
-8.408248538802354233e-02
-9.214590829026292340e-02
-8.360933119257651924e-02
-8.297275409478288566e-02
-7.443617699709648150e-02
-6.389959989934368423e-02
-7.116302280161335148e-02
-7.332644570391266825e-02
-6.898986860619515937e-02
-7.375329150841025694e-02
-6.051671441070993751e-02
-6.298013731299079154e-02
-5.654356021523199161e-02
-5.660698311754686074e-02
-6.287040601978333143e-02
-6.043382892210047430e-02
-4.909725182432111978e-02
-4.106067472656604878e-02
-5.162409762880315611e-02
-4.198752053110865745e-02
-4.095094343335858866e-02
-4.461436633567927856e-02
-3.907778923792193382e-02
-3.794121214019696708e-02
-3.380463504248609752e-02
-3.536805794476549636e-02
-3.073148084700960680e-02
-2.779490374928172969e-02
-3.765832665152402114e-02
-3.482174955377104197e-02
-3.998517245611310500e-02
-3.274859535832774782e-02
-2.871201826064861962e-02
-4.437544116291292084e-02
-3.083886406517422074e-02
-3.530228696746462447e-02
-3.236570986967990393e-02
-2.892913277196385025e-02
-3.549255567423870161e-02
-4.185597857650691367e-02
-3.681940147873774549e-02
-3.148282438104388348e-02
-3.084624728330709331e-02
-2.970967018563897000e-02
-3.177309308784970199e-02
-2.943651599008489939e-02
-3.309993889240558929e-02
-3.456336179465324676e-02
-3.812678469688535188e-02
-3.899020759922677826e-02
-3.235363050146133901e-02
-4.811705340370053818e-02
-5.128047630603305151e-02
-5.234389920826743037e-02
-4.150732211058993926e-02
-4.377074501280731056e-02
-3.963416791509644099e-02
-3.539759081735383006e-02
-4.106101371962722624e-02
-3.962443662186387883e-02
-3.768785952416919827e-02
-5.015128242644095735e-02
-3.841470532870516763e-02
-2.887812823098556692e-02
-4.624155113322103716e-02
-5.050497403556164500e-02
-5.116839693778274523e-02
-5.143181984004741025e-02
-4.829524274231289382e-02
-4.825866564459602159e-02
-5.842208854681985031e-02
-4.918551144913863027e-02
-4.744893435139374560e-02
-5.681235725364786049e-02
-6.827578015594326644e-02
-6.453920305818883207e-02
-6.900262596047923580e-02
-7.216604886275490571e-02
-6.302947176499174020e-02
-5.389289466722857469e-02
-5.755631756954926459e-02
-5.951974047178509863e-02
-6.168316337408441541e-02
-5.824658627636836172e-02
-6.571000917858782486e-02
-6.617343208091597262e-02
-6.833685498315844598e-02
-7.530027788538973255e-02
-6.816370078769296015e-02
-5.772712368997190424e-02
-6.639054659223120325e-02
-7.595396949449195745e-02
-6.981739239677153819e-02
-5.538081529908822631e-02
-6.034423820130996319e-02
-7.710766110358235892e-02
-6.617108400581628302e-02
-6.283450690813197070e-02
-5.859792981038935977e-02
-7.636135271269495206e-02
-6.532477561495397822e-02
-6.528819851718026257e-02
-4.495162141950004298e-02
-5.731504432174006070e-02
-5.807846722404974571e-02
-5.494189012625838586e-02
-5.370531302855852118e-02
-5.986873593076325051e-02
-5.403215883308121192e-02
-5.349558173531931971e-02
-5.465900463764228334e-02
-5.342242753988557524e-02
-4.688585044215187736e-02
-3.814927334445883389e-02
-3.821269624671685960e-02
-3.917611914891949709e-02
-3.833954205123291104e-02
-4.440296495351958583e-02
-2.816638785571967674e-02
-3.582981075805946602e-02
-4.649323366032831473e-02
-2.535665656262153789e-02
-2.602007946484263812e-02
-1.868350236708238299e-02
-3.064692526942280892e-02
-2.351034817166919311e-02
-2.227377107391248501e-02
-1.273719397619288429e-02
-9.300616878476830607e-03
-8.264039780726761819e-03
-1.372746268299351868e-02
-1.019088558524572363e-02
-1.115430848756204796e-02
3.782268610166283906e-03
7.518845707920718269e-03
6.355422805654598051e-03
1.159199990337356212e-02
-1.271422998854632169e-03
1.326515409880357765e-02
1.910173119659930308e-02
1.603830829429853111e-02
1.837488539200649029e-02
1.591146248978247968e-02
3.014803958745915224e-02
3.248461668522395485e-02
2.722119378296383729e-02
3.045777088067325167e-02
3.929434797839803650e-02
4.263092507613919224e-02
4.456750217383387280e-02
3.530407927161149928e-02
3.864065636935265502e-02
4.907723346707371093e-02
4.961381056483560315e-02
5.255038766250663684e-02
6.378696476025425000e-02
5.882354185803251312e-02
6.876011895576539246e-02
7.179669605346816752e-02
7.453327315118940533e-02
7.346985024889818305e-02
6.910642734663952069e-02
8.254300444440332285e-02
7.917958154212101363e-02
8.281615863984370662e-02
8.935273573757740451e-02
9.458931283529636858e-02
9.772588993303088500e-02
8.056246703080205407e-02
7.789904412851456073e-02
8.533562122624971380e-02
9.187219832392656826e-02
8.610877542167827414e-02
1.020453525194398026e-01
1.095819296171498536e-01
8.601850671487909494e-02
9.655508381263189221e-02
1.051916609103500377e-01
1.006282380080847361e-01
1.084648151058331678e-01
1.087013922034998359e-01
1.024379693012633652e-01
9.967454639894413049e-02
1.080111234967375822e-01
1.006477005944930170e-01
1.026842776921625955e-01
9.042085478989747571e-02
9.255743188765563900e-02
8.419400898537787725e-02
9.543058608312549040e-02
8.686716318084108934e-02
8.780374027855941677e-02
9.664031737628420160e-02
9.437689447400998688e-02
1.036134715717480503e-01
9.125004866950803262e-02
9.238662576717615593e-02
8.892320286497579218e-02
8.845977996270448784e-02
9.929635706038197895e-02
9.753293415815278422e-02
1.013695112558821165e-01
9.530608835359544173e-02
9.634266545134551052e-02
8.707924254906629358e-02
8.031581964678480290e-02
7.565239674454460328e-02
8.688897384223537301e-02
8.332555094000326790e-02
6.486212803775970315e-02
6.729870513544256028e-02
6.683528223317125594e-02
6.437185933094724533e-02
6.750843642862491834e-02
6.174501352637662421e-02
5.908159062408913087e-02
5.471816772183046851e-02
6.445474481955670853e-02
5.259132191730486738e-02
5.952789901505184389e-02
4.826447611276307725e-02
3.940105321049713893e-02
4.683763030823229201e-02
4.297420740596180622e-02
5.191078450366148900e-02
3.424736160144448149e-02
3.188393869919536883e-02
4.452051579687577032e-02
2.985709289464466565e-02
2.929366999234161995e-02
2.453024709006967896e-02
2.856682418780565058e-02
3.280340128549141809e-02
3.583997838325103658e-02
2.717655548099173757e-02
3.171313257871588576e-02
3.534970967643857875e-02
3.478628677419237647e-02
2.282286387190879395e-02
2.395944096963376069e-02
3.479601806742493864e-02
2.273259516510961475e-02
1.476917226284513163e-02
8.205749360570280260e-03
1.954232645829279136e-02
1.337890355603121861e-02
1.451548065375618535e-02
4.752057751488791837e-03
1.818863484925259399e-02
1.432521194692526478e-02
1.536178904467533357e-02
7.598366142417489755e-03
-1.765056759836625133e-03
1.987152033785832828e-02
1.020809743556583271e-02
5.944674533338911715e-03
-1.218748368899014167e-03
6.117828728804397542e-03
4.154405826511720079e-03
5.790982924281706801e-03
8.627560021977842553e-03
4.364137119750921556e-03
1.000071421748316425e-02
1.372913151840293722e-04
-4.226131587074632989e-03
5.110445510638328415e-03
-1.052977391623244330e-03
4.583599706108998362e-03
7.120176803880440275e-03
1.065675390157139191e-02
1.149333099931482138e-02
1.592990809700722821e-02
1.156648519474856585e-02
1.580306229249117678e-02
1.303963939022878549e-02
1.857621648798613023e-02
1.891279358568453972e-02
1.994937068337776509e-02
1.338594778115975714e-02
2.382252487888081305e-02
3.505910197662842620e-02
1.719567907434793597e-02
2.463225617202624562e-02
1.756883326982006110e-02
2.320541036755230380e-02
3.004198746526753894e-02
2.527856456299559795e-02
2.671514166070210194e-02
2.095171875845380782e-02
3.008829585621697333e-02
3.582487295392411397e-02
3.306145005166172268e-02
5.099802714937595738e-02
4.643460424711065571e-02
3.007118134485153860e-02
4.070775844257923382e-02
4.004433554030129017e-02
4.378091263805572453e-02
4.241748973578296500e-02
4.055406683346518548e-02
4.239064393124181152e-02
4.972722102900206664e-02
5.226379812665982172e-02
5.390037522442980844e-02
6.103695232212658084e-02
5.687352941987455779e-02
5.981010651760243491e-02
5.834668361535477743e-02
6.098326071304427387e-02
5.291983781080489280e-02
5.605641490853940923e-02
5.819299200624072910e-02
6.252956910401508139e-02
7.156614620168966212e-02
7.500272329946255923e-02
6.743930039715451130e-02
5.727587749493068259e-02
7.101245459267602200e-02
6.894903169040844659e-02
5.908560878810931172e-02
7.462218588585756152e-02
6.565876298355988183e-02
7.729534008132077361e-02
5.993191717902845994e-02
7.056849427675615516e-02
6.650507137447903006e-02
7.384164847218244176e-02
6.947822556992377940e-02
7.371480266772323375e-02
7.615137976546293430e-02
7.378795686315697822e-02
7.692453396089149464e-02
7.506111105857371513e-02
7.029768815635861756e-02
7.113426525410204704e-02
7.187084235175689173e-02
6.710741944954179417e-02
6.904399654723647473e-02
6.878057364497180970e-02
6.511715074270796322e-02
7.005372784050223345e-02
6.969030493820582706e-02
7.132688203591897036e-02
6.856345913359973565e-02
6.470003623138609328e-02
6.933661332914198283e-02
7.697319042682693180e-02
7.190976752457345356e-02
6.834634462228450502e-02
5.328292172004012173e-02
8.061949881778218696e-02
6.455607591550460711e-02
6.089265301324076063e-02
6.642923011094126196e-02
6.586580720863821625e-02
5.880238430643203174e-02
6.093896140419019503e-02
6.127553850183176110e-02
6.051211559963576292e-02
5.764869269734163026e-02
5.748526979505186318e-02
4.622184689281993997e-02
4.245842399058119554e-02
3.909500108824204290e-02
4.733157818600375322e-02
4.786815528370880202e-02
4.400473238143831622e-02
5.304130947922658379e-02
4.967788657694427457e-02
2.751446367466314769e-02
4.495104077238920581e-02
4.278761787008988904e-02
4.182419496783040813e-02
4.156077206556574311e-02
2.329734916327197425e-02
3.173392626104032388e-02
1.357050335872145297e-02
2.970708045648962070e-02
2.414365755424796589e-02
2.738023465201422368e-02
3.141681174969335189e-02
3.055338884740876892e-02
1.398996594514301250e-02
1.922654304286197657e-02
3.566312014061168156e-02
1.529969723833346507e-02
1.993627433608935462e-02
8.172851433755567996e-03
2.910942853151254894e-02
2.514600562926716520e-02
2.068258272703360490e-02
2.191915982473346958e-02
1.565573692244015547e-02
1.969231402017612709e-02
1.112889111789172603e-02
2.036546821568663290e-02
1.470204531335639331e-02
1.333862241108363378e-02
7.875199508816876914e-03
1.361177660658086097e-02
1.584835370431392221e-02
2.598493080205344086e-02
1.852150789977713430e-02
1.565808499748300164e-02
2.319466209519305266e-02
2.213123919295867381e-02
2.196781629072575015e-02
2.120439338841606514e-02
2.304097048613584775e-02
2.417754758391765790e-02
2.441412468158432603e-02
2.795070177933212108e-02
2.598727887709628703e-02
2.382385597479697026e-02
2.076043307255304171e-02
3.079701017026081900e-02
3.593358726800488512e-02
3.987016436576595879e-02
3.080674146349338116e-02
3.594331856118060387e-02
4.357989565892239625e-02
3.551647275662617176e-02
3.735304985440279779e-02
4.698962695215413987e-02
4.052620404985418645e-02
4.086278114755259594e-02
5.869935824529193269e-02
4.463593534302390253e-02
5.007251244074950591e-02
5.520908953855041545e-02
6.374566663623681961e-02
5.228224373399825708e-02
5.021882083167383826e-02
6.135539792938971004e-02
6.599197502714559960e-02
6.242855212485665106e-02
6.086512922263409564e-02
7.870170632031658897e-02
6.823828341805437958e-02
7.477486051578807746e-02
6.881143761358998745e-02
7.254801471123073497e-02
7.978459180901609216e-02
7.902116890670640714e-02
8.515774600442682640e-02
8.079432310222500746e-02
8.523090019991741428e-02
8.106747729766539123e-02
9.690405439533833487e-02
9.044063149309522487e-02
9.757720859084884069e-02
9.341378568859681764e-02
9.045036278627094362e-02
1.137869398840507529e-01
9.792351698172296892e-02
9.776009407949004526e-02
9.109667117724029595e-02
8.373324827493888733e-02
1.044698253726892290e-01
1.178064024703644463e-01
1.086429795681169708e-01
9.837955666586140069e-02
1.006161337636513053e-01
1.037527108613289784e-01
1.154892879590647681e-01
1.143258650567986479e-01
1.141624421545088808e-01
1.329990192522814141e-01
1.115355963499951031e-01
1.190721734477051541e-01
1.137087505454701386e-01
1.106453276431693666e-01
1.072819047409439008e-01
1.097184818386836014e-01
1.063550589364012922e-01
1.050916360341034306e-01
1.131282131318585016e-01
1.053647902295438143e-01
1.131013673273173481e-01
1.131379444250910637e-01
1.122745215227496374e-01
1.153110986205092559e-01
1.028476757181806533e-01
1.014842528159647372e-01
1.093208299137131689e-01
1.076574070114588721e-01
1.157939841091319977e-01
1.107305612068785194e-01
9.856713830458829761e-02
1.004037154023649236e-01
1.125402925001139920e-01
1.043768695977860261e-01
1.024134466955501921e-01
1.053500237932212258e-01
9.168660089096647425e-02
9.682317798876738379e-02
9.205975508649544281e-02
8.119633218416311138e-02
8.353290928192791398e-02
8.086948637964042064e-02
8.610606347735938471e-02
8.634264057513973967e-02
8.437921767284706220e-02
8.811579477060149657e-02
8.415237186829926941e-02
6.908894896605488611e-02
8.082552606379067583e-02
7.996210316150609287e-02
5.919868025921459775e-02
6.833525735697776327e-02
7.007183445466580451e-02
7.240841155243060712e-02
6.514498865016093987e-02
5.788156574789127262e-02
5.691814284563179172e-02
7.115471994330846428e-02
4.959129704104725533e-02
5.242787413880023450e-02
4.156445123658158991e-02
4.850102833427172300e-02
5.483760543199878157e-02
4.617418252968263914e-02
4.551075962746153891e-02
6.334733672520087566e-02
5.528391382290465117e-02
4.522049092065572040e-02
3.055706801842461573e-02
5.009364511607827808e-02
4.653022221384617296e-02
3.396679931159951593e-02
3.010337640927218672e-02
3.533995350704799421e-02
2.987653060472439392e-02
2.891310770252175644e-02
2.724968480026745965e-02
2.078626189802434965e-02
1.932283899571984875e-02
1.995941609345663892e-02
2.609599319112021476e-02
1.613257028890302536e-02
2.646914738664918332e-02
2.340572448434841135e-02
1.034230158211357775e-02
5.478878679753051983e-03
7.815455777517854585e-03
1.452032875306485948e-03
5.988609973030634137e-03
3.825187070731317363e-03
2.261764168508761941e-03
-3.016587338038334565e-04
3.634918363900396798e-03
-3.728504538344168395e-03
-6.591927440638301050e-03
-5.535034290460316697e-05
1.681226754840281501e-03
4.217803852554879995e-03
6.354380950313043286e-03
3.390958048044012685e-03
2.827535145740966982e-03
-2.035887756505871948e-03
6.006893411836244923e-04
8.737266438970436866e-03
2.873843536690401379e-03
8.810420634404181328e-03
1.546997732134514081e-03
-1.116425170152979263e-03
-9.979848072418917582e-03
1.355672902536753099e-02
1.193306123127513274e-03
-1.270116779210184177e-03
7.766460318578083388e-03
-8.796962583744516451e-03
-2.603854860012688732e-04
7.876191611728700082e-03
9.812768709423380642e-03
4.149345807206827885e-03
-2.214077095061384171e-03
-1.774999973349622451e-04
5.259077100390641135e-03
5.795654198152533354e-03
2.073223129582402180e-02
9.368808393617200636e-03
1.170538549126831640e-02
2.741962589027480135e-03
-9.214603132363663462e-04
9.415116784509791614e-03
1.025169388225322109e-02
8.288270979960543627e-03
1.292484807765958976e-02
1.576142517541256893e-02
2.169800227318319230e-02
1.643457937086623133e-02
2.657115646860574998e-02
2.460773356631307252e-02
3.124431066407851176e-02
1.958088776183330992e-02
1.661746485956427932e-02
1.925404195725377576e-02
2.219061905503849630e-02
3.092719615273153977e-02
3.826377325049179490e-02
2.730035034824140894e-02
2.713692744589479844e-02
3.107350454365587211e-02
2.661008164136546839e-02
3.934665873913445466e-02
2.908323583687888458e-02
3.651981293461403766e-02
3.945639003228507136e-02
2.569296713005542188e-02
3.942954422774391787e-02
3.876612132552281764e-02
3.820269842327661536e-02
4.553927552092318365e-02
3.447585261869789974e-02
4.621242971637684605e-02
4.964900681414974315e-02
4.868558391189026224e-02
4.322216100962350538e-02
4.505873810734328799e-02
4.849531520511618510e-02
4.793189230281313939e-02
4.596846940052046193e-02
4.210504649830681956e-02
5.264162359600277341e-02
5.077820069374183731e-02
4.681477779143961016e-02
5.945135488917685507e-02
5.578793198691300859e-02
4.562450908468917987e-02
5.056108618236976326e-02
5.229766328011464793e-02
4.833424037781242077e-02
5.287081747556499067e-02
4.030739457331833364e-02
3.224397167102210915e-02
4.358054876877304196e-02
5.571712586652211030e-02
3.705370296421506282e-02
3.189028006195826492e-02
4.752685715968141267e-02
4.766343425740160455e-02
4.720001135515872193e-02
4.463658845287454824e-02
3.837316555060965584e-02
3.200974264836986549e-02
3.734631974609214922e-02
4.088289684381152256e-02
3.151947394155740767e-02
3.085605103925104231e-02
4.069262813700902370e-02
3.252920523473790126e-02
2.966578233244376861e-02
3.910235943018847138e-02
3.403893652793499314e-02
2.267551362564290685e-02
1.621209072339979684e-02
3.664866782111175780e-02
2.688524491884436429e-02
3.472182201659279599e-02
4.495839911427879088e-02
2.249497621204454845e-02
2.113155330980021063e-02
1.376813040749880201e-02
2.240470750524536925e-02
2.054128460295601144e-02
1.827786170068179672e-02
2.221443879844287039e-02
2.705101589614855584e-02
1.408759299388862019e-02
-5.758299083709061961e-04
